Number of nodes=8
Number of samples=1000
Cut of limit used=0.0001
total_score_ges=-8026.5938094066605
total_score_pc=-8099.745987894708
total_score_mmhc=-8026.5938094066605
total_score_greedySP=-8207.626051032517
total_score_gis=-8044.134175637758
total_score_gies=-8026.5938094066605
total_score_ske=-8095.605664234368
total_score_true=-8026.5938094066605
shd dist ges to true=[0, 0]
shd dist pc to true=[1, 3]
shd dist mmhc to true=[0, 0]
shd dist greedySP to true=[5, 1]
shd dist gis to true=[13, 0]
shd dist gies to true=[0, 0]
shd dist ske to true=[1, 1]

score_vector_ges=[-3991.347800808399, -4035.246008598261]

score_vector_pc=[-4057.921117887777, -4041.8248700069316]

score_vector_mmhc=[-3991.347800808399, -4035.2460085982616]

score_vector_greedySP=[-4169.941504685927, -4037.6845463465907]

score_vector_gis=[-4008.8881670394967, -4035.246008598261]

score_vector_gies=[-3991.347800808399, -4035.246008598261]

score_vector_ske=[-4057.921117887777, -4037.6845463465907]

score_vector_true=[-3991.3478008083994, -4035.2460085982616]
step_vector_greedySP=[]

step_vector_gis=[22, 28]

step_vector_ske=[3, 2]

skeleton_result_vector=[0, 0]

return_dags_vector=[['ges', 'pc', 'mmhc', 'greedySP', 'gis', 'gies', 'ske', 'true'], [[(0, 1), (1, 5), (2, 6), (3, 1), (6, 1), (6, 3), (6, 5), (7, 5)], [(0, 1), (1, 5), (3, 1), (6, 1), (6, 2), (6, 3), (7, 5)], [(0, 1), (1, 5), (3, 1), (6, 1), (6, 2), (6, 3), (6, 5), (7, 5)], [(1, 0), (1, 3), (3, 0), (5, 1), (6, 1), (6, 2), (6, 5), (7, 5)], [(1, 0), (3, 0), (6, 0), (1, 2), (1, 3), (1, 5), (1, 6), (7, 1), (4, 2), (2, 5), (2, 6), (6, 3), (6, 5), (7, 5), (7, 6)], [(0, 1), (1, 5), (2, 6), (3, 1), (6, 1), (6, 3), (6, 5), (7, 5)], [(0, 1), (3, 1), (1, 5), (6, 1), (6, 2), (6, 3), (7, 5)], [(0, 1), (1, 5), (3, 1), (3, 6), (6, 1), (6, 2), (6, 5), (7, 5)]], [[(0, 5), (1, 2), (3, 2), (4, 6), (4, 7), (5, 1), (6, 7), (7, 2)], [(0, 5), (1, 2), (1, 5), (3, 2), (7, 2), (7, 4), (7, 6)], [(1, 2), (1, 5), (3, 2), (5, 0), (6, 4), (6, 7), (7, 2), (7, 4)], [(1, 2), (3, 2), (5, 0), (5, 1), (7, 2), (7, 4), (7, 6)], [(5, 0), (1, 2), (5, 1), (3, 2), (7, 2), (6, 4), (7, 4), (7, 6)], [(0, 5), (1, 2), (3, 2), (4, 6), (4, 7), (5, 1), (6, 7), (7, 2)], [(5, 0), (1, 2), (5, 1), (3, 2), (7, 2), (7, 4), (7, 6)], [(0, 5), (1, 2), (3, 2), (4, 7), (5, 1), (6, 4), (6, 7), (7, 2)]]]

