Number of nodes=8
Number of samples=1000
Cut of limit used=0.0001
total_score_ges=-8253.988753800482
total_score_pc=-9421.565262264754
total_score_mmhc=-8493.239597066648
total_score_greedySP=-8320.469221268057
total_score_gis=-8262.996831879631
total_score_gies=-8253.988753800482
total_score_ske=-8636.853022890453
total_score_true=-8243.796687034588
shd dist ges to true=[13, 17]
shd dist pc to true=[9, 13]
shd dist mmhc to true=[14, 14]
shd dist greedySP to true=[10, 13]
shd dist gis to true=[9, 21]
shd dist gies to true=[13, 17]
shd dist ske to true=[9, 13]

score_vector_ges=[-4176.19106975287, -4077.7976840476117]

score_vector_pc=[-4898.30528349321, -4523.259978771544]

score_vector_mmhc=[-4268.649399170852, -4224.590197895795]

score_vector_greedySP=[-4184.1258802495295, -4136.343341018526]

score_vector_gis=[-4180.943683526961, -4082.0531483526693]

score_vector_gies=[-4176.19106975287, -4077.7976840476117]

score_vector_ske=[-4292.595311504533, -4344.25771138592]

score_vector_true=[-4175.654151249228, -4068.1425357853614]
step_vector_greedySP=[]

step_vector_gis=[40, 29]

step_vector_ske=[7, 6]

skeleton_result_vector=[0, 0]

return_dags_vector=[['ges', 'pc', 'mmhc', 'greedySP', 'gis', 'gies', 'ske', 'true'], [[(0, 2), (0, 3), (2, 6), (3, 2), (4, 0), (4, 1), (4, 3), (4, 7), (5, 0), (6, 1), (7, 0), (7, 2), (7, 3), (7, 5)], [(0, 7), (1, 6), (2, 6), (2, 7), (3, 4), (3, 7), (4, 1), (5, 7), (7, 4)], [(0, 3), (1, 4), (1, 6), (2, 6), (4, 0), (4, 3), (4, 7), (5, 0), (7, 0), (7, 2), (7, 3), (7, 5)], [(0, 5), (2, 3), (2, 6), (3, 0), (4, 1), (4, 3), (6, 1), (7, 0), (7, 2), (7, 3), (7, 4), (7, 5)], [(4, 0), (0, 5), (0, 7), (4, 1), (6, 1), (3, 2), (6, 2), (7, 2), (4, 3), (3, 7), (6, 4), (4, 7), (7, 5), (6, 7)], [(0, 2), (0, 3), (2, 6), (3, 2), (4, 0), (4, 1), (4, 3), (4, 7), (5, 0), (6, 1), (7, 0), (7, 2), (7, 3), (7, 5)], [(0, 7), (4, 1), (6, 1), (2, 6), (7, 2), (4, 3), (7, 3), (7, 4), (5, 7)], [(0, 2), (0, 4), (0, 5), (0, 7), (2, 4), (2, 6), (2, 7), (3, 7), (4, 1), (4, 3), (4, 7), (6, 1), (7, 5)]], [[(0, 5), (1, 3), (1, 4), (1, 5), (2, 0), (2, 4), (2, 5), (2, 6), (2, 7), (3, 0), (3, 2), (3, 5), (3, 6), (4, 0), (6, 0), (6, 4), (7, 4), (7, 5)], [(0, 4), (0, 5), (1, 4), (2, 5), (2, 7), (3, 2), (4, 7), (6, 2), (6, 4)], [(0, 5), (1, 4), (2, 3), (2, 5), (2, 6), (2, 7), (3, 5), (3, 6), (4, 0), (6, 4), (7, 1), (7, 4), (7, 5)], [(0, 1), (0, 4), (0, 5), (1, 3), (1, 4), (1, 5), (2, 3), (2, 5), (2, 6), (6, 0), (6, 3), (6, 4), (7, 2), (7, 4)], [(0, 2), (0, 4), (0, 5), (0, 6), (0, 7), (3, 1), (4, 1), (1, 5), (6, 1), (1, 7), (3, 2), (2, 4), (2, 5), (2, 6), (2, 7), (3, 5), (3, 6), (4, 6), (4, 7), (7, 5), (6, 7)], [(0, 5), (1, 3), (1, 4), (1, 5), (2, 0), (2, 4), (2, 5), (2, 6), (2, 7), (3, 0), (3, 2), (3, 5), (3, 6), (4, 0), (6, 0), (6, 4), (7, 4), (7, 5)], [(4, 0), (0, 5), (1, 4), (2, 3), (2, 5), (2, 6), (7, 2), (6, 4), (7, 4)], [(0, 4), (1, 0), (1, 3), (1, 4), (2, 6), (3, 0), (3, 2), (3, 4), (3, 6), (3, 7), (5, 0), (5, 2), (5, 3), (5, 7), (6, 4), (7, 2), (7, 4)]]]

