Number of nodes=8
Number of samples=1000
Cut of limit used=0.0001
total_score_ges=-8140.794939009476
total_score_pc=-8743.518341475585
total_score_mmhc=-8767.779554613862
total_score_greedySP=-8339.214683990456
total_score_gis=-8138.17242966044
total_score_gies=-8139.599708335069
total_score_ske=-8936.242287560617
total_score_gis_rec_phased_b=-8140.794939009477
total_score_true=-8126.16837052889
shd dist ges to true=[17, 9]
shd dist pc to true=[11, 18]
shd dist mmhc to true=[11, 12]
shd dist greedySP to true=[13, 20]
shd dist gis to true=[14, 19]
shd dist gies to true=[17, 11]
shd dist ske to true=[13, 18]
shd dist gis_rec_phased_b to true=[17, 9]

score_vector_ges=[-4123.2181584557065, -4017.57678055377]

score_vector_pc=[-4306.76677024314, -4436.751571232444]

score_vector_mmhc=[-4230.830672064228, -4536.9488825496355]

score_vector_greedySP=[-4169.711670000442, -4169.5030139900155]

score_vector_gis=[-4115.942693793388, -4022.229735867052]

score_vector_gies=[-4123.2181584557065, -4016.381549879363]

score_vector_ske=[-4508.956869934322, -4427.285417626295]

score_vector_gis_rec_phased_b=[-4123.218158455707, -4017.57678055377]

score_vector_true=[-4108.3661765976385, -4017.802193931251]
step_vector_greedySP=[]

step_vector_gis=[29, 32]

step_vector_ske=[4, 1]

step_vector_gis_rec_phased_b=[21, 23]

skeleton_result_vector=[0, 0]

return_dags_vector=[['ges', 'pc', 'mmhc', 'greedySP', 'gis', 'gies', 'ske', 'gis_rec_phased_b', 'true'], [[(0, 1), (0, 2), (0, 3), (0, 5), (0, 7), (1, 7), (2, 1), (2, 7), (3, 1), (3, 2), (3, 6), (3, 7), (4, 3), (4, 6), (5, 1), (5, 2), (5, 3), (5, 4), (5, 6), (6, 1), (6, 7)], [(0, 2), (1, 2), (3, 1), (3, 4), (4, 5), (5, 0), (6, 1), (6, 3), (7, 1)], [(0, 2), (1, 2), (3, 0), (3, 1), (3, 4), (3, 6), (4, 5), (5, 0), (5, 1), (6, 1), (6, 7), (7, 1)], [(0, 4), (0, 5), (1, 2), (1, 3), (1, 5), (1, 6), (2, 0), (2, 6), (3, 0), (3, 2), (3, 4), (3, 5), (3, 6), (5, 4), (7, 0), (7, 1), (7, 6)], [(2, 0), (3, 0), (0, 4), (0, 5), (6, 0), (7, 0), (2, 1), (3, 1), (1, 5), (6, 1), (7, 1), (2, 3), (7, 2), (3, 4), (3, 5), (6, 3), (7, 3), (4, 5), (6, 4), (7, 6)], [(0, 1), (0, 2), (0, 3), (0, 5), (0, 7), (1, 7), (2, 1), (2, 7), (3, 1), (3, 2), (3, 6), (3, 7), (4, 3), (4, 6), (5, 1), (5, 2), (5, 3), (5, 4), (5, 6), (6, 1), (6, 7)], [(0, 2), (5, 0), (2, 1), (1, 3), (6, 1), (7, 1), (3, 4), (6, 3), (5, 4)], [(0, 1), (0, 2), (0, 3), (5, 0), (0, 7), (2, 1), (3, 1), (5, 1), (6, 1), (1, 7), (3, 2), (5, 2), (2, 7), (4, 3), (5, 3), (3, 6), (3, 7), (5, 4), (4, 6), (5, 6), (6, 7)], [(0, 2), (0, 5), (1, 5), (1, 6), (2, 1), (3, 0), (3, 1), (3, 2), (3, 4), (3, 6), (4, 0), (4, 5), (7, 1), (7, 2), (7, 6)]], [[(0, 1), (0, 2), (0, 3), (0, 4), (0, 5), (1, 4), (1, 6), (1, 7), (2, 4), (3, 2), (3, 5), (3, 6), (5, 2), (5, 4), (6, 2), (6, 7), (7, 2)], [(0, 1), (0, 3), (0, 4), (0, 5), (1, 7), (2, 4), (2, 6), (2, 7), (3, 5), (3, 6), (4, 5), (4, 7), (6, 7)], [(0, 1), (0, 3), (0, 4), (0, 5), (1, 7), (2, 4), (3, 5), (5, 2), (5, 4), (6, 2), (6, 3), (7, 2), (7, 4), (7, 6)], [(0, 1), (0, 2), (0, 6), (0, 7), (1, 7), (2, 6), (3, 0), (3, 2), (3, 5), (3, 6), (3, 7), (4, 0), (4, 1), (4, 2), (4, 5), (4, 7), (5, 0), (5, 7), (7, 2)], [(0, 1), (3, 0), (0, 4), (0, 5), (6, 0), (0, 7), (2, 1), (1, 4), (1, 7), (2, 4), (2, 5), (2, 6), (2, 7), (3, 5), (3, 6), (3, 7), (5, 4), (6, 5), (5, 7), (6, 7)], [(0, 1), (0, 2), (0, 3), (0, 4), (0, 5), (1, 3), (1, 4), (1, 6), (1, 7), (2, 4), (3, 2), (3, 6), (5, 2), (5, 3), (5, 4), (6, 2), (6, 7), (7, 2)], [(0, 1), (3, 0), (0, 4), (0, 5), (1, 7), (2, 4), (2, 6), (2, 7), (3, 5), (3, 6), (4, 5), (7, 4), (6, 7)], [(0, 1), (0, 2), (3, 0), (0, 4), (0, 5), (1, 4), (1, 6), (1, 7), (3, 2), (2, 4), (5, 2), (6, 2), (7, 2), (3, 5), (3, 6), (5, 4), (6, 7)], [(0, 2), (0, 4), (1, 0), (1, 4), (1, 7), (2, 4), (3, 0), (3, 2), (3, 6), (5, 0), (5, 1), (5, 2), (5, 3), (5, 4), (5, 6), (6, 1), (6, 2), (6, 7), (7, 2)]]]

