Number of nodes=8
Number of samples=1000
Cut of limit used=0.0001
total_score_ges=-8137.651152971269
total_score_pc=-8555.189221707678
total_score_mmhc=-8371.222911260025
total_score_greedySP=-8134.065923683949
total_score_gis=-8129.656895521946
total_score_gies=-8137.651152971269
total_score_ske=-8365.643401972218
total_score_true=-8129.656895521946
shd dist ges to true=[0, 12]
shd dist pc to true=[0, 10]
shd dist mmhc to true=[0, 4]
shd dist greedySP to true=[0, 7]
shd dist gis to true=[0, 0]
shd dist gies to true=[0, 12]
shd dist ske to true=[0, 11]

score_vector_ges=[-4023.5691339691903, -4114.082019002079]

score_vector_pc=[-4023.56913396919, -4531.620087738489]

score_vector_mmhc=[-4023.5691339691903, -4347.653777290835]

score_vector_greedySP=[-4023.56913396919, -4110.49678971476]

score_vector_gis=[-4023.56913396919, -4106.087761552756]

score_vector_gies=[-4023.5691339691903, -4114.082019002079]

score_vector_ske=[-4023.56913396919, -4342.074268003028]

score_vector_true=[-4023.56913396919, -4106.087761552756]
step_vector_greedySP=[]

step_vector_gis=[6, 39]

step_vector_ske=[0, 4]

skeleton_result_vector=[1, 0]

return_dags_vector=[['ges', 'pc', 'mmhc', 'greedySP', 'gis', 'gies', 'ske', 'true'], [[(0, 2), (1, 7), (4, 6), (7, 5)], [(2, 0), (6, 4), (7, 1), (7, 5)], [(0, 2), (4, 6), (5, 7), (7, 1)], [(2, 0), (6, 4), (7, 1), (7, 5)], [(2, 0), (7, 1), (6, 4), (7, 5)], [(0, 2), (1, 7), (4, 6), (7, 5)], [(2, 0), (7, 1), (6, 4), (7, 5)], [(0, 2), (6, 4), (7, 1), (7, 5)]], [[(1, 5), (1, 6), (1, 7), (2, 1), (4, 1), (4, 5), (4, 6), (5, 6), (6, 0), (6, 3), (6, 7)], [(0, 6), (1, 2), (1, 4), (2, 5), (2, 6), (3, 6), (4, 5), (7, 1), (7, 6)], [(1, 2), (1, 4), (1, 7), (5, 2), (5, 4), (6, 0), (6, 2), (6, 3), (7, 6)], [(1, 2), (1, 7), (4, 1), (4, 2), (5, 1), (5, 4), (6, 0), (6, 1), (6, 3), (6, 7)], [(6, 0), (1, 2), (1, 4), (7, 1), (4, 2), (6, 3), (5, 4), (6, 4), (7, 6)], [(1, 5), (1, 6), (1, 7), (2, 1), (4, 1), (4, 5), (4, 6), (5, 6), (6, 0), (6, 3), (6, 7)], [(6, 0), (2, 1), (4, 1), (1, 7), (2, 5), (2, 6), (6, 3), (4, 5), (7, 6)], [(1, 2), (1, 4), (4, 2), (5, 4), (6, 0), (6, 3), (6, 4), (6, 7), (7, 1)]]]

