Number of nodes=8
Number of samples=1000
Cut of limit used=0.0001
total_score_ges=-8108.690272401008
total_score_pc=-8935.582315599891
total_score_mmhc=-8356.148741538429
total_score_greedySP=-8136.067799563038
total_score_gis=-8131.369765886001
total_score_gies=-8108.690272401008
total_score_ske=-8654.487304103106
total_score_true=-8095.638897035376
shd dist ges to true=[16, 0]
shd dist pc to true=[13, 7]
shd dist mmhc to true=[10, 4]
shd dist greedySP to true=[7, 4]
shd dist gis to true=[14, 11]
shd dist gies to true=[16, 0]
shd dist ske to true=[11, 4]

score_vector_ges=[-4029.9250212917423, -4078.7652511092656]

score_vector_pc=[-4593.965282452051, -4341.6170331478415]

score_vector_mmhc=[-4105.27411789513, -4250.874623643298]

score_vector_greedySP=[-4023.711453410837, -4112.356346152201]

score_vector_gis=[-4040.0127021567187, -4091.3570637292823]

score_vector_gies=[-4029.9250212917423, -4078.7652511092656]

score_vector_ske=[-4403.612680459808, -4250.874623643297]

score_vector_true=[-4016.873645926111, -4078.7652511092656]
step_vector_greedySP=[]

step_vector_gis=[30, 34]

step_vector_ske=[6, 4]

skeleton_result_vector=[0, 0]

return_dags_vector=[['ges', 'pc', 'mmhc', 'greedySP', 'gis', 'gies', 'ske', 'true'], [[(0, 3), (0, 4), (0, 5), (0, 6), (0, 7), (1, 3), (1, 7), (3, 2), (3, 7), (4, 6), (5, 1), (5, 3), (5, 7), (6, 3), (6, 5), (6, 7), (7, 2)], [(0, 3), (0, 6), (1, 3), (1, 7), (3, 2), (4, 0), (4, 7), (5, 6), (5, 7)], [(0, 3), (1, 3), (1, 7), (3, 2), (4, 0), (4, 7), (5, 0), (5, 3), (5, 6), (6, 0), (7, 0), (7, 2), (7, 5)], [(0, 4), (1, 0), (1, 3), (1, 7), (3, 0), (3, 2), (5, 3), (5, 6), (5, 7), (6, 0), (6, 4), (7, 0), (7, 2), (7, 3)], [(0, 1), (0, 2), (3, 0), (0, 4), (0, 6), (0, 7), (2, 1), (3, 1), (5, 1), (6, 1), (1, 7), (3, 2), (5, 2), (2, 7), (5, 3), (3, 6), (6, 4), (5, 6), (5, 7), (6, 7)], [(0, 3), (0, 4), (0, 5), (0, 6), (0, 7), (1, 3), (1, 7), (3, 2), (3, 7), (4, 6), (5, 1), (5, 3), (5, 7), (6, 3), (6, 5), (6, 7), (7, 2)], [(0, 3), (4, 0), (6, 0), (1, 3), (1, 7), (3, 2), (4, 7), (5, 6), (7, 5)], [(0, 4), (1, 0), (3, 0), (3, 1), (3, 2), (3, 5), (5, 1), (5, 6), (6, 0), (6, 4), (7, 0), (7, 2), (7, 5)]], [[(0, 5), (0, 6), (1, 2), (2, 6), (2, 7), (4, 6), (5, 2), (5, 3), (5, 4), (7, 4), (7, 6)], [(0, 5), (0, 6), (1, 2), (2, 5), (2, 7), (3, 5), (4, 6), (5, 4), (6, 7)], [(0, 6), (1, 2), (2, 7), (4, 5), (4, 6), (5, 0), (5, 2), (5, 3), (6, 7)], [(0, 6), (2, 1), (2, 6), (4, 2), (4, 6), (5, 0), (5, 1), (5, 2), (5, 3), (5, 4), (7, 2), (7, 4), (7, 6)], [(4, 0), (5, 0), (6, 0), (0, 7), (1, 2), (2, 4), (5, 2), (6, 2), (2, 7), (5, 3), (5, 4), (6, 4), (4, 7), (6, 5), (5, 7), (6, 7)], [(0, 5), (0, 6), (1, 2), (2, 6), (2, 7), (4, 6), (5, 2), (5, 3), (5, 4), (7, 4), (7, 6)], [(5, 0), (0, 6), (1, 2), (5, 2), (2, 7), (5, 3), (5, 4), (4, 6), (6, 7)], [(0, 6), (1, 2), (2, 6), (2, 7), (4, 6), (5, 0), (5, 2), (5, 3), (5, 4), (7, 4), (7, 6)]]]

