Number of nodes=8
Number of samples=1000
Cut of limit used=0.0001
total_score_ges=-8041.704479888774
total_score_pc=-8069.625926058638
total_score_mmhc=-8041.704479888774
total_score_greedySP=-8101.458254934498
total_score_gis=-8059.1412706280535
total_score_gies=-8041.704479888774
total_score_ske=-8069.625926058638
total_score_true=-8041.704479888774
shd dist ges to true=[0, 0]
shd dist pc to true=[0, 1]
shd dist mmhc to true=[0, 0]
shd dist greedySP to true=[3, 4]
shd dist gis to true=[0, 13]
shd dist gies to true=[0, 0]
shd dist ske to true=[0, 1]

score_vector_ges=[-4025.8506441326294, -4015.8538357561442]

score_vector_pc=[-4025.850644132629, -4043.775281926009]

score_vector_mmhc=[-4025.8506441326294, -4015.8538357561442]

score_vector_greedySP=[-4082.770952628851, -4018.6873023056464]

score_vector_gis=[-4025.850644132629, -4033.2906264954245]

score_vector_gies=[-4025.8506441326294, -4015.8538357561442]

score_vector_ske=[-4025.850644132629, -4043.775281926009]

score_vector_true=[-4025.8506441326294, -4015.8538357561442]
step_vector_greedySP=[]

step_vector_gis=[31, 24]

step_vector_ske=[5, 0]

skeleton_result_vector=[1, 0]

return_dags_vector=[['ges', 'pc', 'mmhc', 'greedySP', 'gis', 'gies', 'ske', 'true'], [[(0, 2), (0, 4), (4, 6), (5, 3), (6, 3), (7, 2), (7, 3)], [(0, 2), (4, 0), (5, 3), (6, 3), (6, 4), (7, 2), (7, 3)], [(0, 2), (0, 4), (4, 6), (5, 3), (6, 3), (7, 2), (7, 3)], [(0, 2), (0, 4), (5, 3), (6, 3), (6, 4), (7, 2), (7, 3), (7, 6)], [(0, 2), (4, 0), (7, 2), (5, 3), (6, 3), (7, 3), (6, 4)], [(0, 2), (0, 4), (4, 6), (5, 3), (6, 3), (7, 2), (7, 3)], [(0, 2), (4, 0), (7, 2), (5, 3), (6, 3), (7, 3), (6, 4)], [(0, 2), (0, 4), (4, 6), (5, 3), (6, 3), (7, 2), (7, 3)]], [[(0, 1), (1, 4), (1, 7), (3, 6), (3, 7), (4, 5), (4, 7), (5, 6)], [(1, 0), (1, 4), (3, 6), (3, 7), (4, 5), (4, 7), (5, 6)], [(0, 1), (1, 4), (1, 7), (3, 6), (3, 7), (4, 5), (4, 7), (5, 6)], [(1, 0), (3, 1), (3, 6), (3, 7), (4, 1), (4, 5), (4, 7), (5, 6), (7, 1)], [(0, 1), (0, 3), (0, 4), (3, 1), (4, 1), (7, 1), (4, 3), (5, 3), (6, 3), (7, 3), (4, 5), (7, 4), (5, 6), (7, 6)], [(0, 1), (1, 4), (1, 7), (3, 6), (3, 7), (4, 5), (4, 7), (5, 6)], [(1, 0), (4, 1), (3, 6), (3, 7), (4, 5), (4, 7), (5, 6)], [(1, 0), (1, 4), (1, 7), (3, 6), (3, 7), (4, 5), (4, 7), (5, 6)]]]

