Number of nodes=8
Number of samples=1000
Cut of limit used=0.0001
total_score_ges=-8145.235437399777
total_score_pc=-8829.825566170577
total_score_mmhc=-8496.385887978187
total_score_greedySP=-8245.513938887978
total_score_gis=-8119.142114694643
total_score_gies=-8131.567755228553
total_score_ske=-8626.235877763942
total_score_gis_rec_phased_b=-8134.116373937145
total_score_true=-8120.767210896594
shd dist ges to true=[16, 19]
shd dist pc to true=[12, 11]
shd dist mmhc to true=[10, 11]
shd dist greedySP to true=[13, 13]
shd dist gis to true=[0, 14]
shd dist gies to true=[16, 15]
shd dist ske to true=[5, 12]
shd dist gis_rec_phased_b to true=[16, 16]

score_vector_ges=[-4009.856343777602, -4135.379093622175]

score_vector_pc=[-4345.667273088079, -4484.158293082499]

score_vector_mmhc=[-4146.228853306771, -4350.157034671416]

score_vector_greedySP=[-4088.607695021455, -4156.906243866523]

score_vector_gis=[-3995.3641579784303, -4123.777956716213]

score_vector_gies=[-4009.856343777602, -4121.711411450951]

score_vector_ske=[-4181.847061481335, -4444.388816282608]

score_vector_gis_rec_phased_b=[-4009.856343777602, -4124.260030159543]

score_vector_true=[-3995.3641579784303, -4125.403052918164]
step_vector_greedySP=[]

step_vector_gis=[35, 34]

step_vector_ske=[4, 3]

step_vector_gis_rec_phased_b=[19, 28]

skeleton_result_vector=[0, 0]

return_dags_vector=[['ges', 'pc', 'mmhc', 'greedySP', 'gis', 'gies', 'ske', 'gis_rec_phased_b', 'true'], [[(0, 2), (1, 0), (1, 2), (1, 5), (3, 0), (3, 1), (3, 2), (3, 5), (3, 6), (3, 7), (4, 1), (4, 5), (4, 7), (5, 0), (5, 2), (6, 1), (6, 2), (7, 1), (7, 6)], [(0, 2), (0, 5), (1, 4), (1, 6), (2, 6), (3, 5), (3, 6), (4, 5), (4, 7), (6, 7)], [(0, 2), (1, 4), (1, 5), (1, 6), (3, 5), (4, 7), (5, 0), (5, 4), (6, 2), (6, 3), (6, 7)], [(0, 2), (0, 5), (1, 4), (1, 5), (1, 6), (1, 7), (3, 2), (3, 5), (3, 6), (4, 7), (5, 2), (5, 4), (6, 0), (6, 2), (6, 5), (6, 7)], [(0, 2), (0, 3), (5, 0), (1, 3), (1, 4), (1, 5), (6, 1), (1, 7), (2, 3), (6, 2), (5, 3), (6, 3), (4, 5), (4, 7), (6, 7)], [(0, 2), (1, 0), (1, 2), (1, 5), (3, 0), (3, 1), (3, 2), (3, 5), (3, 6), (3, 7), (4, 1), (4, 5), (4, 7), (5, 0), (5, 2), (6, 1), (6, 2), (7, 1), (7, 6)], [(0, 2), (5, 0), (1, 4), (6, 1), (6, 2), (5, 3), (6, 3), (4, 5), (4, 7), (6, 7)], [(1, 0), (0, 2), (3, 0), (5, 0), (1, 2), (3, 1), (4, 1), (1, 5), (6, 1), (7, 1), (3, 2), (5, 2), (6, 2), (3, 5), (3, 6), (3, 7), (4, 5), (4, 7), (7, 6)], [(0, 2), (0, 3), (1, 3), (1, 4), (1, 5), (1, 7), (2, 3), (4, 7), (5, 0), (5, 3), (5, 4), (6, 1), (6, 2), (6, 3), (6, 7)]], [[(0, 1), (0, 2), (0, 6), (0, 7), (1, 7), (2, 1), (2, 5), (2, 6), (3, 1), (3, 2), (3, 4), (3, 5), (3, 6), (4, 1), (4, 5), (4, 6), (5, 1), (5, 7), (6, 1), (6, 5), (6, 7)], [(0, 7), (1, 4), (1, 5), (1, 7), (2, 1), (2, 3), (5, 6), (6, 3), (6, 4), (6, 7)], [(0, 7), (1, 2), (1, 4), (1, 5), (1, 7), (2, 3), (4, 3), (5, 6), (5, 7), (6, 0), (6, 3), (6, 4)], [(0, 1), (0, 6), (0, 7), (1, 2), (1, 5), (1, 7), (3, 1), (3, 2), (3, 6), (4, 1), (4, 3), (4, 6), (6, 2), (6, 5)], [(1, 0), (3, 0), (4, 0), (6, 0), (0, 7), (1, 2), (4, 1), (1, 5), (1, 6), (1, 7), (2, 3), (2, 6), (4, 3), (3, 6), (4, 6), (6, 5), (5, 7), (6, 7)], [(0, 1), (0, 3), (0, 6), (0, 7), (1, 5), (1, 6), (1, 7), (2, 1), (2, 3), (2, 6), (3, 4), (3, 6), (4, 1), (4, 6), (5, 7), (6, 5), (6, 7)], [(7, 0), (1, 2), (1, 4), (5, 1), (1, 7), (2, 3), (6, 3), (6, 4), (6, 5), (6, 7)], [(0, 1), (0, 2), (0, 6), (0, 7), (2, 1), (4, 1), (1, 5), (1, 6), (1, 7), (3, 2), (2, 6), (4, 3), (3, 6), (4, 6), (6, 5), (5, 7), (6, 7)], [(0, 3), (0, 7), (1, 2), (1, 3), (1, 5), (1, 6), (1, 7), (3, 2), (4, 0), (4, 1), (4, 3), (4, 6), (6, 0), (6, 2), (6, 3), (6, 5), (6, 7)]]]

